36 0.587612 0.284036 0.084830 0.084830
36 0.292078 0.371853 0.084830 0.084830
36 0.750000 0.602484 0.074850 0.074850
36 0.370310 0.741627 0.074850 0.074850
15 0.587612 0.284036 0.035000 0.035000
0 0.292078 0.371853 0.035000 0.035000
20 0.750000 0.602484 0.035000 0.035000
8 0.370310 0.741627 0.035000 0.035000
41 0.477891 0.515085 0.183053 0.385470
43 0.523267 0.488291 0.386615 0.194717
41 0.560155 0.672056 0.309411 0.113388
42 0.331710 0.559181 0.061706 0.291663
40 0.560155 0.672056 0.309411 0.113388
