36 0.695463 0.390243 0.079840 0.079840
36 0.274295 0.619873 0.084830 0.084830
36 0.336286 0.250000 0.099800 0.099800
36 0.693957 0.739884 0.099800 0.099800
30 0.695463 0.390243 0.035000 0.035000
25 0.274295 0.619873 0.035000 0.035000
35 0.336286 0.250000 0.035000 0.035000
26 0.693957 0.739884 0.035000 0.035000
41 0.485974 0.504461 0.348880 0.190217
41 0.694731 0.560073 0.022761 0.259822
40 0.304671 0.438628 0.046732 0.278828
43 0.520523 0.321936 0.275509 0.107574
41 0.304671 0.438628 0.046732 0.278828
42 0.480527 0.678850 0.330905 0.094629
