36 0.349279 0.641659 0.049900 0.049900
36 0.469668 0.250000 0.089820 0.089820
36 0.641781 0.611424 0.064870 0.064870
36 0.429676 0.515582 0.049900 0.049900
36 0.609595 0.481335 0.089820 0.089820
3 0.349279 0.641659 0.025000 0.025000
1 0.469668 0.250000 0.025000 0.025000
6 0.641781 0.611424 0.025000 0.025000
18 0.429676 0.515582 0.025000 0.025000
12 0.609595 0.481335 0.025000 0.025000
38 0.389478 0.578620 0.053567 0.084003
39 0.627186 0.552435 0.025000 0.055007
38 0.509832 0.500325 0.111291 0.017367
