36 0.324832 0.678957 0.069860 0.069860
36 0.729161 0.724889 0.059880 0.059880
36 0.442423 0.300708 0.099800 0.099800
36 0.250000 0.361296 0.089820 0.089820
36 0.509483 0.604984 0.069860 0.069860
36 0.744101 0.329166 0.084830 0.084830
13 0.324832 0.678957 0.030000 0.030000
16 0.729161 0.724889 0.030000 0.030000
7 0.442423 0.300708 0.030000 0.030000
3 0.250000 0.361296 0.030000 0.030000
35 0.509483 0.604984 0.030000 0.030000
27 0.744101 0.329166 0.030000 0.030000
43 0.529476 0.702204 0.339874 0.038610
41 0.381405 0.496980 0.092407 0.297243
42 0.383379 0.486556 0.201283 0.189032
40 0.624367 0.469926 0.184505 0.216904
42 0.596988 0.315288 0.209771 0.025000
