36 0.639151 0.290745 0.089820 0.089820
36 0.423556 0.688671 0.059880 0.059880
36 0.291933 0.563715 0.064870 0.064870
36 0.572972 0.464555 0.094810 0.094810
36 0.322388 0.370677 0.079840 0.079840
36 0.750000 0.621637 0.089820 0.089820
23 0.639151 0.290745 0.030000 0.030000
5 0.423556 0.688671 0.030000 0.030000
17 0.291933 0.563715 0.030000 0.030000
28 0.572972 0.464555 0.030000 0.030000
24 0.322388 0.370677 0.030000 0.030000
14 0.750000 0.621637 0.030000 0.030000
43 0.694576 0.456191 0.082317 0.245724
42 0.374485 0.534429 0.079989 0.251421
43 0.358649 0.627052 0.086386 0.082010
41 0.493420 0.583878 0.106511 0.159762
41 0.425394 0.516625 0.205747 0.072595
42 0.444175 0.416303 0.168809 0.063242
43 0.374485 0.534429 0.079989 0.251421
