36 0.541711 0.447760 0.079840 0.079840
36 0.684397 0.638403 0.059880 0.059880
36 0.338283 0.319119 0.074850 0.074850
36 0.380662 0.620576 0.094810 0.094810
36 0.588740 0.250000 0.084830 0.084830
36 0.466207 0.724141 0.099800 0.099800
32 0.541711 0.447760 0.030000 0.030000
35 0.684397 0.638403 0.030000 0.030000
30 0.338283 0.319119 0.030000 0.030000
16 0.380662 0.620576 0.030000 0.030000
9 0.588740 0.250000 0.030000 0.030000
17 0.466207 0.724141 0.030000 0.030000
42 0.438942 0.382773 0.138056 0.087302
41 0.463738 0.531430 0.101513 0.108931
43 0.541247 0.630001 0.226522 0.001590
