36 0.316650 0.606248 0.054890 0.054890
36 0.298017 0.368578 0.094810 0.094810
36 0.688987 0.623449 0.069860 0.069860
36 0.376014 0.683738 0.059880 0.059880
36 0.570333 0.301830 0.079840 0.079840
36 0.750000 0.416156 0.089820 0.089820
22 0.316650 0.606248 0.030000 0.030000
30 0.298017 0.368578 0.030000 0.030000
25 0.688987 0.623449 0.030000 0.030000
8 0.376014 0.683738 0.030000 0.030000
28 0.570333 0.301831 0.030000 0.030000
32 0.750000 0.416156 0.030000 0.030000
43 0.499080 0.614676 0.310028 0.003645
43 0.339113 0.534635 0.059416 0.240081
40 0.718084 0.524590 0.038470 0.130702
42 0.345573 0.644003 0.023931 0.031936
42 0.339113 0.534635 0.059416 0.240081
43 0.658062 0.357654 0.108097 0.068784
