36 0.300830 0.347900 0.074850 0.074850
36 0.499387 0.750000 0.064870 0.064870
36 0.506431 0.255286 0.094810 0.094810
36 0.367669 0.656561 0.054890 0.054890
36 0.672346 0.647812 0.069860 0.069860
36 0.653337 0.342441 0.089820 0.089820
4 0.300830 0.347900 0.030000 0.030000
13 0.499387 0.750000 0.030000 0.030000
19 0.506431 0.255286 0.030000 0.030000
1 0.367669 0.656561 0.030000 0.030000
29 0.672346 0.647812 0.030000 0.030000
9 0.653337 0.342441 0.030000 0.030000
40 0.399080 0.303642 0.128256 0.057773
42 0.431493 0.701837 0.082878 0.058793
43 0.431493 0.701837 0.082878 0.058793
40 0.516267 0.652294 0.242327 0.025000
41 0.516267 0.652294 0.242327 0.011083
41 0.473341 0.345228 0.270182 0.016633
