36 0.305933 0.459957 0.104790 0.104790
36 0.487292 0.362927 0.069860 0.069860
36 0.584112 0.667247 0.094810 0.094810
36 0.652091 0.250000 0.094810 0.094810
36 0.739131 0.424677 0.064870 0.064870
36 0.452781 0.709036 0.094810 0.094810
36 0.278660 0.626157 0.084830 0.084830
1 0.305933 0.459957 0.035000 0.035000
22 0.487292 0.362927 0.035000 0.035000
11 0.584112 0.667247 0.035000 0.035000
29 0.652091 0.250000 0.035000 0.035000
24 0.739131 0.424677 0.035000 0.035000
18 0.452781 0.709036 0.035000 0.035000
26 0.278660 0.626157 0.035000 0.035000
39 0.447023 0.565093 0.198153 0.147657
39 0.614423 0.394099 0.186412 0.045708
38 0.470655 0.529775 0.026342 0.264181
38 0.518446 0.688141 0.040985 0.025000
