36 0.556172 0.750000 0.064870 0.064870
36 0.305752 0.471436 0.084830 0.084830
36 0.556212 0.288746 0.079840 0.079840
36 0.633631 0.390295 0.069860 0.069860
36 0.369293 0.683288 0.094810 0.094810
36 0.678323 0.588280 0.104790 0.104790
36 0.400617 0.327955 0.074850 0.074850
22 0.556172 0.750000 0.035000 0.035000
26 0.305752 0.471436 0.035000 0.035000
25 0.556212 0.288746 0.035000 0.035000
34 0.633631 0.390295 0.035000 0.035000
18 0.369293 0.683288 0.035000 0.035000
30 0.678323 0.588280 0.035000 0.035000
23 0.400617 0.327955 0.035000 0.035000
38 0.473324 0.429967 0.252798 0.062561
39 0.518329 0.359447 0.163117 0.043640
