36 0.358215 0.730778 0.104790 0.104790
36 0.494067 0.271321 0.094810 0.094810
36 0.693860 0.414858 0.094810 0.094810
36 0.300699 0.309410 0.089820 0.089820
36 0.655542 0.693200 0.089820 0.089820
36 0.250000 0.542546 0.084830 0.084830
36 0.747616 0.537887 0.064870 0.064870
18 0.358215 0.730778 0.035000 0.035000
21 0.494067 0.271321 0.035000 0.035000
23 0.693860 0.414858 0.035000 0.035000
32 0.300699 0.309410 0.035000 0.035000
6 0.655542 0.693200 0.035000 0.035000
17 0.250000 0.542546 0.035000 0.035000
35 0.747616 0.537887 0.035000 0.035000
38 0.674531 0.555265 0.025728 0.186889
