36 0.750000 0.474876 0.059880 0.059880
36 0.290018 0.641120 0.099800 0.099800
36 0.609691 0.268936 0.084830 0.084830
36 0.716951 0.695488 0.099800 0.099800
36 0.436073 0.336635 0.059880 0.059880
36 0.433263 0.660155 0.089820 0.089820
36 0.264004 0.422791 0.099800 0.099800
31 0.750000 0.474876 0.035000 0.035000
12 0.290018 0.641120 0.035000 0.035000
7 0.609691 0.268936 0.035000 0.035000
34 0.716951 0.695488 0.035000 0.035000
29 0.436073 0.336635 0.035000 0.035000
6 0.433263 0.660155 0.035000 0.035000
27 0.264004 0.422791 0.035000 0.035000
38 0.517071 0.305051 0.106206 0.041413
39 0.364114 0.650966 0.049261 0.025000
38 0.434733 0.490910 0.025000 0.248673
