36 0.677827 0.665704 0.084830 0.084830
36 0.324102 0.631790 0.064870 0.064870
36 0.305552 0.421517 0.089820 0.089820
36 0.475649 0.750000 0.059880 0.059880
36 0.402774 0.289425 0.094810 0.094810
36 0.574921 0.300047 0.074850 0.074850
36 0.739176 0.441516 0.104790 0.104790
15 0.677827 0.665704 0.035000 0.035000
22 0.324102 0.631790 0.035000 0.035000
26 0.305552 0.421517 0.035000 0.035000
35 0.475649 0.750000 0.035000 0.035000
27 0.402774 0.289425 0.035000 0.035000
19 0.574921 0.300047 0.035000 0.035000
6 0.739176 0.441516 0.035000 0.035000
38 0.443648 0.359244 0.194312 0.087624
