36 0.672664 0.352196 0.059880 0.059880
36 0.250000 0.537399 0.094810 0.094810
36 0.372261 0.718017 0.099800 0.099800
36 0.526398 0.301275 0.084830 0.084830
36 0.375039 0.299239 0.079840 0.079840
36 0.736514 0.586315 0.084830 0.084830
36 0.567125 0.705560 0.064870 0.064870
16 0.672664 0.352196 0.035000 0.035000
18 0.250000 0.537399 0.035000 0.035000
13 0.372261 0.718017 0.035000 0.035000
22 0.526398 0.301275 0.035000 0.035000
10 0.375039 0.299239 0.035000 0.035000
21 0.736514 0.586315 0.035000 0.035000
17 0.567125 0.705560 0.035000 0.035000
39 0.528764 0.326592 0.228845 0.040719
