36 0.520974 0.664590 0.074850 0.074850
36 0.490309 0.295304 0.094810 0.094810
36 0.443077 0.435016 0.084830 0.084830
36 0.712639 0.436347 0.059880 0.059880
36 0.267207 0.633059 0.064870 0.064870
36 0.429022 0.750000 0.094810 0.094810
36 0.636772 0.285683 0.094810 0.094810
23 0.520974 0.664590 0.035000 0.035000
17 0.490309 0.295304 0.035000 0.035000
4 0.443077 0.435016 0.035000 0.035000
20 0.712639 0.436347 0.035000 0.035000
5 0.267207 0.633059 0.035000 0.035000
16 0.429022 0.750000 0.035000 0.035000
31 0.636772 0.285683 0.035000 0.035000
39 0.482827 0.552166 0.052243 0.153968
39 0.608848 0.370504 0.157018 0.099610
39 0.584095 0.435712 0.197207 0.025000
39 0.391614 0.648517 0.184439 0.020835
38 0.537949 0.361873 0.122561 0.094491
