36 0.429857 0.414552 0.079840 0.079840
36 0.361165 0.649142 0.104790 0.104790
36 0.471789 0.701548 0.094810 0.094810
36 0.564985 0.250875 0.104790 0.104790
36 0.250000 0.502337 0.059880 0.059880
36 0.723254 0.373935 0.089820 0.089820
36 0.698949 0.607610 0.089820 0.089820
14 0.429857 0.414552 0.035000 0.035000
16 0.361165 0.649142 0.035000 0.035000
6 0.471789 0.701548 0.035000 0.035000
12 0.564985 0.250875 0.035000 0.035000
11 0.250000 0.502337 0.035000 0.035000
19 0.723254 0.373935 0.035000 0.035000
30 0.698949 0.607610 0.035000 0.035000
39 0.450282 0.554347 0.029307 0.200588
39 0.418732 0.676413 0.015864 0.025000
38 0.493450 0.337524 0.076356 0.092488
39 0.647074 0.314702 0.081451 0.063332
