36 0.333281 0.673605 0.064870 0.064870
36 0.572023 0.739685 0.069860 0.069860
36 0.250000 0.478956 0.069860 0.069860
36 0.723433 0.571871 0.089820 0.089820
36 0.715769 0.363012 0.099800 0.099800
36 0.364830 0.305716 0.059880 0.059880
36 0.540665 0.367157 0.104790 0.104790
25 0.333281 0.673605 0.035000 0.035000
1 0.572023 0.739685 0.035000 0.035000
11 0.250000 0.478956 0.035000 0.035000
35 0.723433 0.571871 0.035000 0.035000
32 0.715769 0.363012 0.035000 0.035000
27 0.364830 0.305716 0.035000 0.035000
29 0.540665 0.367157 0.035000 0.035000
38 0.308793 0.390256 0.078990 0.119169
39 0.538121 0.434332 0.298498 0.221545
38 0.431379 0.528646 0.159840 0.236193
39 0.557076 0.562122 0.025000 0.285511
38 0.629464 0.365055 0.072837 0.025000
