36 0.300824 0.492498 0.084830 0.084830
36 0.546203 0.250000 0.059880 0.059880
36 0.279473 0.328011 0.084830 0.084830
36 0.722402 0.591149 0.079840 0.079840
36 0.714850 0.407506 0.084830 0.084830
36 0.564910 0.721160 0.069860 0.069860
36 0.371338 0.709676 0.079840 0.079840
27 0.300824 0.492498 0.035000 0.035000
15 0.546203 0.250000 0.035000 0.035000
29 0.279473 0.328011 0.035000 0.035000
25 0.722402 0.591149 0.035000 0.035000
17 0.714850 0.407506 0.035000 0.035000
14 0.564910 0.721160 0.035000 0.035000
2 0.371338 0.709676 0.035000 0.035000
39 0.290149 0.410255 0.025000 0.080362
39 0.718677 0.500574 0.025000 0.101377
38 0.542157 0.559415 0.281691 0.247790
