36 0.479675 0.250106 0.089820 0.089820
36 0.738826 0.417258 0.089820 0.089820
36 0.373741 0.723506 0.079840 0.079840
36 0.698352 0.637281 0.064870 0.064870
36 0.599573 0.382720 0.069860 0.069860
36 0.563361 0.741227 0.094810 0.094810
36 0.296471 0.322124 0.064870 0.064870
36 0.250000 0.525778 0.054890 0.054890
3 0.479675 0.250107 0.025000 0.025000
2 0.738826 0.417258 0.025000 0.025000
29 0.373741 0.723506 0.025000 0.025000
35 0.698352 0.637281 0.025000 0.025000
24 0.599573 0.382720 0.025000 0.025000
4 0.563361 0.741227 0.025000 0.025000
30 0.296471 0.322124 0.025000 0.025000
6 0.250000 0.525778 0.025000 0.025000
42 0.609250 0.333682 0.183670 0.118466
41 0.636787 0.684688 0.071732 0.055235
41 0.488036 0.551033 0.184485 0.278392
40 0.382268 0.288397 0.111220 0.043721
40 0.272681 0.426383 0.033150 0.145274
