36 0.440895 0.250000 0.079840 0.079840
36 0.283019 0.358926 0.069860 0.069860
36 0.585463 0.737856 0.059880 0.059880
36 0.731564 0.415161 0.069860 0.069860
36 0.688829 0.649401 0.064870 0.064870
36 0.273880 0.568300 0.074850 0.074850
36 0.590294 0.320155 0.059880 0.059880
36 0.406056 0.700202 0.049900 0.049900
17 0.440895 0.250000 0.025000 0.025000
9 0.283019 0.358926 0.025000 0.025000
22 0.585463 0.737856 0.025000 0.025000
2 0.731564 0.415161 0.025000 0.025000
10 0.688829 0.649401 0.025000 0.025000
35 0.273880 0.568300 0.025000 0.025000
27 0.590294 0.320155 0.025000 0.025000
31 0.406056 0.700202 0.025000 0.025000
40 0.359903 0.305880 0.096267 0.066419
41 0.636198 0.694439 0.055974 0.047900
41 0.543759 0.675463 0.226292 0.040654
43 0.493318 0.718516 0.125687 0.026379
42 0.344383 0.638657 0.088024 0.087842
