36 0.703792 0.491350 0.054890 0.054890
36 0.314683 0.343663 0.054890 0.054890
36 0.494745 0.250000 0.049900 0.049900
36 0.278945 0.503341 0.059880 0.059880
36 0.283879 0.633562 0.084830 0.084830
36 0.541244 0.723911 0.059880 0.059880
36 0.662486 0.647257 0.049900 0.049900
36 0.720227 0.406915 0.049900 0.049900
1 0.703792 0.491350 0.025000 0.025000
6 0.314683 0.343663 0.025000 0.025000
4 0.494745 0.250000 0.025000 0.025000
0 0.278945 0.503341 0.025000 0.025000
30 0.283879 0.633563 0.025000 0.025000
23 0.541244 0.723911 0.025000 0.025000
17 0.662486 0.647257 0.025000 0.025000
34 0.720227 0.406915 0.025000 0.025000
40 0.300072 0.481170 0.025000 0.220430
40 0.623232 0.606608 0.129673 0.185526
41 0.712248 0.447908 0.012151 0.033004
41 0.631962 0.563241 0.151995 0.269198
