36 0.641261 0.683703 0.094810 0.094810
36 0.289452 0.492027 0.089820 0.089820
36 0.750000 0.529729 0.069860 0.069860
36 0.328330 0.333901 0.084830 0.084830
36 0.518648 0.707215 0.094810 0.094810
36 0.287668 0.651918 0.089820 0.089820
36 0.498409 0.254744 0.059880 0.059880
36 0.686232 0.346763 0.054890 0.054890
22 0.641261 0.683703 0.025000 0.025000
15 0.289452 0.492027 0.025000 0.025000
26 0.750000 0.529729 0.025000 0.025000
13 0.328330 0.333901 0.025000 0.025000
1 0.518648 0.707215 0.025000 0.025000
33 0.287668 0.651918 0.025000 0.025000
11 0.498409 0.254744 0.025000 0.025000
9 0.686232 0.346763 0.025000 0.025000
40 0.606648 0.517939 0.136028 0.292579
41 0.419024 0.291691 0.104481 0.048627
